"2017-03-08 10:01:28 PST","I","lml0102@lml_com","SystemBroadcastReceiver","android.intent.action.USER_PRESENT"
