"2017-03-05 14:00:30 PST","I","lml0101@lml_com","Util","Inside setMinuteServiceAlarmFromMinuteService"
"2017-03-05 14:00:30 PST","I","lml0101@lml_com","Util","MinuteService last run at - Sun Mar 05 14:00:30 PST 2017"
"2017-03-05 14:00:30 PST","I","lml0101@lml_com","Util","MinuteService next run at - Sun Mar 05 14:01:30 PST 2017"
"2017-03-05 14:00:30 PST","I","lml0101@lml_com","Util","Inside setBackupMinuteServiceAlarm"
"2017-03-05 14:00:30 PST","I","lml0101@lml_com","Util","BackupMinuteService last run at - Sun Mar 05 13:57:32 PST 2017"
"2017-03-05 14:00:30 PST","I","lml0101@lml_com","Util","BackupMinuteService next run at - Sun Mar 05 14:00:30 PST 2017"
"2017-03-05 14:01:35 PST","I","lml0101@lml_com","Util","Inside setMinuteServiceAlarmFromMinuteService"
"2017-03-05 14:01:35 PST","I","lml0101@lml_com","Util","MinuteService last run at - Sun Mar 05 14:01:35 PST 2017"
"2017-03-05 14:01:35 PST","I","lml0101@lml_com","Util","MinuteService next run at - Sun Mar 05 14:02:35 PST 2017"
"2017-03-05 14:01:35 PST","I","lml0101@lml_com","Util","Inside setBackupMinuteServiceAlarm"
"2017-03-05 14:01:35 PST","I","lml0101@lml_com","Util","BackupMinuteService last run at - Sun Mar 05 13:57:32 PST 2017"
"2017-03-05 14:01:35 PST","I","lml0101@lml_com","Util","BackupMinuteService next run at - Sun Mar 05 14:01:35 PST 2017"
"2017-03-05 14:02:30 PST","I","lml0101@lml_com","Util","Inside setMinuteServiceAlarmFromMinuteService"
"2017-03-05 14:02:30 PST","I","lml0101@lml_com","Util","MinuteService last run at - Sun Mar 05 14:02:30 PST 2017"
"2017-03-05 14:02:30 PST","I","lml0101@lml_com","Util","MinuteService next run at - Sun Mar 05 14:03:30 PST 2017"
"2017-03-05 14:02:30 PST","I","lml0101@lml_com","Util","Inside setBackupMinuteServiceAlarm"
"2017-03-05 14:02:30 PST","I","lml0101@lml_com","Util","BackupMinuteService last run at - Sun Mar 05 13:57:32 PST 2017"
"2017-03-05 14:02:30 PST","I","lml0101@lml_com","Util","BackupMinuteService next run at - Sun Mar 05 14:02:30 PST 2017"
"2017-03-05 14:03:30 PST","I","lml0101@lml_com","Util","Inside setMinuteServiceAlarmFromMinuteService"
"2017-03-05 14:03:30 PST","I","lml0101@lml_com","Util","MinuteService last run at - Sun Mar 05 14:03:30 PST 2017"
"2017-03-05 14:03:30 PST","I","lml0101@lml_com","Util","MinuteService next run at - Sun Mar 05 14:04:30 PST 2017"
"2017-03-05 14:03:30 PST","I","lml0101@lml_com","Util","Inside setBackupMinuteServiceAlarm"
"2017-03-05 14:03:30 PST","I","lml0101@lml_com","Util","BackupMinuteService last run at - Sun Mar 05 13:57:32 PST 2017"
"2017-03-05 14:03:30 PST","I","lml0101@lml_com","Util","BackupMinuteService next run at - Sun Mar 05 14:03:30 PST 2017"
"2017-03-05 14:04:30 PST","I","lml0101@lml_com","Util","Inside setMinuteServiceAlarmFromMinuteService"
"2017-03-05 14:04:30 PST","I","lml0101@lml_com","Util","MinuteService last run at - Sun Mar 05 14:04:30 PST 2017"
"2017-03-05 14:04:30 PST","I","lml0101@lml_com","Util","MinuteService next run at - Sun Mar 05 14:05:30 PST 2017"
"2017-03-05 14:04:30 PST","I","lml0101@lml_com","Util","Inside setBackupMinuteServiceAlarm"
"2017-03-05 14:04:31 PST","I","lml0101@lml_com","Util","BackupMinuteService last run at - Sun Mar 05 13:57:32 PST 2017"
"2017-03-05 14:04:31 PST","I","lml0101@lml_com","Util","BackupMinuteService next run at - Sun Mar 05 14:04:31 PST 2017"
"2017-03-05 14:05:31 PST","I","lml0101@lml_com","Util","Inside setMinuteServiceAlarmFromMinuteService"
"2017-03-05 14:05:31 PST","I","lml0101@lml_com","Util","MinuteService last run at - Sun Mar 05 14:05:30 PST 2017"
"2017-03-05 14:05:31 PST","I","lml0101@lml_com","Util","MinuteService next run at - Sun Mar 05 14:06:30 PST 2017"
"2017-03-05 14:05:31 PST","I","lml0101@lml_com","Util","Inside setBackupMinuteServiceAlarm"
"2017-03-05 14:05:31 PST","I","lml0101@lml_com","Util","BackupMinuteService last run at - Sun Mar 05 13:57:32 PST 2017"
"2017-03-05 14:05:31 PST","I","lml0101@lml_com","Util","BackupMinuteService next run at - Sun Mar 05 14:05:31 PST 2017"
"2017-03-05 14:06:31 PST","I","lml0101@lml_com","Util","Inside setMinuteServiceAlarmFromMinuteService"
"2017-03-05 14:06:31 PST","I","lml0101@lml_com","Util","MinuteService last run at - Sun Mar 05 14:06:31 PST 2017"
"2017-03-05 14:06:31 PST","I","lml0101@lml_com","Util","MinuteService next run at - Sun Mar 05 14:07:31 PST 2017"
"2017-03-05 14:06:31 PST","I","lml0101@lml_com","Util","Inside setBackupMinuteServiceAlarm"
"2017-03-05 14:06:31 PST","I","lml0101@lml_com","Util","BackupMinuteService last run at - Sun Mar 05 13:57:32 PST 2017"
"2017-03-05 14:06:31 PST","I","lml0101@lml_com","Util","BackupMinuteService next run at - Sun Mar 05 14:06:31 PST 2017"
"2017-03-05 14:07:31 PST","I","lml0101@lml_com","Util","Inside setMinuteServiceAlarmFromMinuteService"
"2017-03-05 14:07:31 PST","I","lml0101@lml_com","Util","MinuteService last run at - Sun Mar 05 14:07:31 PST 2017"
"2017-03-05 14:07:31 PST","I","lml0101@lml_com","Util","MinuteService next run at - Sun Mar 05 14:08:31 PST 2017"
"2017-03-05 14:07:31 PST","I","lml0101@lml_com","Util","Inside setBackupMinuteServiceAlarm"
"2017-03-05 14:07:31 PST","I","lml0101@lml_com","Util","BackupMinuteService last run at - Sun Mar 05 13:57:32 PST 2017"
"2017-03-05 14:07:31 PST","I","lml0101@lml_com","Util","BackupMinuteService next run at - Sun Mar 05 14:07:31 PST 2017"
"2017-03-05 14:07:32 PST","I","lml0101@lml_com","Util","Inside setBackupMinuteServiceAlarm"
"2017-03-05 14:07:32 PST","I","lml0101@lml_com","Util","BackupMinuteService last run at - Sun Mar 05 14:07:32 PST 2017"
"2017-03-05 14:07:32 PST","I","lml0101@lml_com","Util","BackupMinuteService next run at - Sun Mar 05 14:08:32 PST 2017"
"2017-03-05 14:08:31 PST","I","lml0101@lml_com","Util","Inside setMinuteServiceAlarmFromMinuteService"
"2017-03-05 14:08:31 PST","I","lml0101@lml_com","Util","MinuteService last run at - Sun Mar 05 14:08:31 PST 2017"
"2017-03-05 14:08:31 PST","I","lml0101@lml_com","Util","MinuteService next run at - Sun Mar 05 14:09:31 PST 2017"
"2017-03-05 14:08:31 PST","I","lml0101@lml_com","Util","Inside setBackupMinuteServiceAlarm"
"2017-03-05 14:08:31 PST","I","lml0101@lml_com","Util","BackupMinuteService last run at - Sun Mar 05 14:07:32 PST 2017"
"2017-03-05 14:08:31 PST","I","lml0101@lml_com","Util","BackupMinuteService next run at - Sun Mar 05 14:08:32 PST 2017"
"2017-03-05 14:09:31 PST","I","lml0101@lml_com","Util","Inside setMinuteServiceAlarmFromMinuteService"
"2017-03-05 14:09:31 PST","I","lml0101@lml_com","Util","MinuteService last run at - Sun Mar 05 14:09:31 PST 2017"
"2017-03-05 14:09:31 PST","I","lml0101@lml_com","Util","MinuteService next run at - Sun Mar 05 14:10:31 PST 2017"
"2017-03-05 14:09:31 PST","I","lml0101@lml_com","Util","Inside setBackupMinuteServiceAlarm"
"2017-03-05 14:09:31 PST","I","lml0101@lml_com","Util","BackupMinuteService last run at - Sun Mar 05 14:07:32 PST 2017"
"2017-03-05 14:09:31 PST","I","lml0101@lml_com","Util","BackupMinuteService next run at - Sun Mar 05 14:09:31 PST 2017"
"2017-03-05 14:10:31 PST","I","lml0101@lml_com","Util","Inside setMinuteServiceAlarmFromMinuteService"
"2017-03-05 14:10:31 PST","I","lml0101@lml_com","Util","MinuteService last run at - Sun Mar 05 14:10:31 PST 2017"
"2017-03-05 14:10:31 PST","I","lml0101@lml_com","Util","MinuteService next run at - Sun Mar 05 14:11:31 PST 2017"
"2017-03-05 14:10:31 PST","I","lml0101@lml_com","Util","Inside setBackupMinuteServiceAlarm"
"2017-03-05 14:10:31 PST","I","lml0101@lml_com","Util","BackupMinuteService last run at - Sun Mar 05 14:07:32 PST 2017"
"2017-03-05 14:10:31 PST","I","lml0101@lml_com","Util","BackupMinuteService next run at - Sun Mar 05 14:10:31 PST 2017"
"2017-03-05 14:11:31 PST","I","lml0101@lml_com","Util","Inside setMinuteServiceAlarmFromMinuteService"
"2017-03-05 14:11:31 PST","I","lml0101@lml_com","Util","MinuteService last run at - Sun Mar 05 14:11:31 PST 2017"
"2017-03-05 14:11:31 PST","I","lml0101@lml_com","Util","MinuteService next run at - Sun Mar 05 14:12:31 PST 2017"
"2017-03-05 14:11:31 PST","I","lml0101@lml_com","Util","Inside setBackupMinuteServiceAlarm"
"2017-03-05 14:11:31 PST","I","lml0101@lml_com","Util","BackupMinuteService last run at - Sun Mar 05 14:07:32 PST 2017"
"2017-03-05 14:11:31 PST","I","lml0101@lml_com","Util","BackupMinuteService next run at - Sun Mar 05 14:11:31 PST 2017"
"2017-03-05 14:12:31 PST","I","lml0101@lml_com","Util","Inside setMinuteServiceAlarmFromMinuteService"
"2017-03-05 14:12:31 PST","I","lml0101@lml_com","Util","MinuteService last run at - Sun Mar 05 14:12:31 PST 2017"
"2017-03-05 14:12:31 PST","I","lml0101@lml_com","Util","MinuteService next run at - Sun Mar 05 14:13:31 PST 2017"
"2017-03-05 14:12:31 PST","I","lml0101@lml_com","Util","Inside setBackupMinuteServiceAlarm"
"2017-03-05 14:12:31 PST","I","lml0101@lml_com","Util","BackupMinuteService last run at - Sun Mar 05 14:07:32 PST 2017"
"2017-03-05 14:12:31 PST","I","lml0101@lml_com","Util","BackupMinuteService next run at - Sun Mar 05 14:12:31 PST 2017"
"2017-03-05 14:13:31 PST","I","lml0101@lml_com","Util","Inside setMinuteServiceAlarmFromMinuteService"
"2017-03-05 14:13:31 PST","I","lml0101@lml_com","Util","MinuteService last run at - Sun Mar 05 14:13:31 PST 2017"
"2017-03-05 14:13:31 PST","I","lml0101@lml_com","Util","MinuteService next run at - Sun Mar 05 14:14:31 PST 2017"
"2017-03-05 14:13:31 PST","I","lml0101@lml_com","Util","Inside setBackupMinuteServiceAlarm"
"2017-03-05 14:13:31 PST","I","lml0101@lml_com","Util","BackupMinuteService last run at - Sun Mar 05 14:07:32 PST 2017"
"2017-03-05 14:13:31 PST","I","lml0101@lml_com","Util","BackupMinuteService next run at - Sun Mar 05 14:13:31 PST 2017"
"2017-03-05 14:14:31 PST","I","lml0101@lml_com","Util","Inside setMinuteServiceAlarmFromMinuteService"
"2017-03-05 14:14:31 PST","I","lml0101@lml_com","Util","MinuteService last run at - Sun Mar 05 14:14:31 PST 2017"
"2017-03-05 14:14:31 PST","I","lml0101@lml_com","Util","MinuteService next run at - Sun Mar 05 14:15:31 PST 2017"
"2017-03-05 14:14:31 PST","I","lml0101@lml_com","Util","Inside setBackupMinuteServiceAlarm"
"2017-03-05 14:14:31 PST","I","lml0101@lml_com","Util","BackupMinuteService last run at - Sun Mar 05 14:07:32 PST 2017"
"2017-03-05 14:14:31 PST","I","lml0101@lml_com","Util","BackupMinuteService next run at - Sun Mar 05 14:14:31 PST 2017"
"2017-03-05 14:15:31 PST","I","lml0101@lml_com","Util","Inside setMinuteServiceAlarmFromMinuteService"
"2017-03-05 14:15:31 PST","I","lml0101@lml_com","Util","MinuteService last run at - Sun Mar 05 14:15:31 PST 2017"
"2017-03-05 14:15:31 PST","I","lml0101@lml_com","Util","MinuteService next run at - Sun Mar 05 14:16:31 PST 2017"
"2017-03-05 14:15:31 PST","I","lml0101@lml_com","Util","Inside setBackupMinuteServiceAlarm"
"2017-03-05 14:15:31 PST","I","lml0101@lml_com","Util","BackupMinuteService last run at - Sun Mar 05 14:07:32 PST 2017"
"2017-03-05 14:15:31 PST","I","lml0101@lml_com","Util","BackupMinuteService next run at - Sun Mar 05 14:15:31 PST 2017"
"2017-03-05 14:16:31 PST","I","lml0101@lml_com","Util","Inside setMinuteServiceAlarmFromMinuteService"
"2017-03-05 14:16:31 PST","I","lml0101@lml_com","Util","MinuteService last run at - Sun Mar 05 14:16:31 PST 2017"
"2017-03-05 14:16:31 PST","I","lml0101@lml_com","Util","MinuteService next run at - Sun Mar 05 14:17:31 PST 2017"
"2017-03-05 14:16:31 PST","I","lml0101@lml_com","Util","Inside setBackupMinuteServiceAlarm"
"2017-03-05 14:16:31 PST","I","lml0101@lml_com","Util","BackupMinuteService last run at - Sun Mar 05 14:07:32 PST 2017"
"2017-03-05 14:16:31 PST","I","lml0101@lml_com","Util","BackupMinuteService next run at - Sun Mar 05 14:16:31 PST 2017"
"2017-03-05 14:17:31 PST","I","lml0101@lml_com","Util","Inside setMinuteServiceAlarmFromMinuteService"
"2017-03-05 14:17:31 PST","I","lml0101@lml_com","Util","MinuteService last run at - Sun Mar 05 14:17:31 PST 2017"
"2017-03-05 14:17:31 PST","I","lml0101@lml_com","Util","MinuteService next run at - Sun Mar 05 14:18:31 PST 2017"
"2017-03-05 14:17:31 PST","I","lml0101@lml_com","Util","Inside setBackupMinuteServiceAlarm"
"2017-03-05 14:17:31 PST","I","lml0101@lml_com","Util","BackupMinuteService last run at - Sun Mar 05 14:07:32 PST 2017"
"2017-03-05 14:17:31 PST","I","lml0101@lml_com","Util","BackupMinuteService next run at - Sun Mar 05 14:17:31 PST 2017"
"2017-03-05 14:17:32 PST","I","lml0101@lml_com","Util","Inside setBackupMinuteServiceAlarm"
"2017-03-05 14:17:32 PST","I","lml0101@lml_com","Util","BackupMinuteService last run at - Sun Mar 05 14:17:32 PST 2017"
"2017-03-05 14:17:32 PST","I","lml0101@lml_com","Util","BackupMinuteService next run at - Sun Mar 05 14:18:32 PST 2017"
"2017-03-05 14:18:31 PST","I","lml0101@lml_com","Util","Inside setMinuteServiceAlarmFromMinuteService"
"2017-03-05 14:18:31 PST","I","lml0101@lml_com","Util","MinuteService last run at - Sun Mar 05 14:18:31 PST 2017"
"2017-03-05 14:18:31 PST","I","lml0101@lml_com","Util","MinuteService next run at - Sun Mar 05 14:19:31 PST 2017"
"2017-03-05 14:18:31 PST","I","lml0101@lml_com","Util","Inside setBackupMinuteServiceAlarm"
"2017-03-05 14:18:31 PST","I","lml0101@lml_com","Util","BackupMinuteService last run at - Sun Mar 05 14:17:32 PST 2017"
"2017-03-05 14:18:31 PST","I","lml0101@lml_com","Util","BackupMinuteService next run at - Sun Mar 05 14:18:32 PST 2017"
"2017-03-05 14:19:31 PST","I","lml0101@lml_com","Util","Inside setMinuteServiceAlarmFromMinuteService"
"2017-03-05 14:19:31 PST","I","lml0101@lml_com","Util","MinuteService last run at - Sun Mar 05 14:19:31 PST 2017"
"2017-03-05 14:19:31 PST","I","lml0101@lml_com","Util","MinuteService next run at - Sun Mar 05 14:20:31 PST 2017"
"2017-03-05 14:19:31 PST","I","lml0101@lml_com","Util","Inside setBackupMinuteServiceAlarm"
"2017-03-05 14:19:31 PST","I","lml0101@lml_com","Util","BackupMinuteService last run at - Sun Mar 05 14:17:32 PST 2017"
"2017-03-05 14:19:31 PST","I","lml0101@lml_com","Util","BackupMinuteService next run at - Sun Mar 05 14:19:31 PST 2017"
"2017-03-05 14:20:31 PST","I","lml0101@lml_com","Util","Inside setMinuteServiceAlarmFromMinuteService"
"2017-03-05 14:20:31 PST","I","lml0101@lml_com","Util","MinuteService last run at - Sun Mar 05 14:20:31 PST 2017"
"2017-03-05 14:20:31 PST","I","lml0101@lml_com","Util","MinuteService next run at - Sun Mar 05 14:21:31 PST 2017"
"2017-03-05 14:20:31 PST","I","lml0101@lml_com","Util","Inside setBackupMinuteServiceAlarm"
"2017-03-05 14:20:31 PST","I","lml0101@lml_com","Util","BackupMinuteService last run at - Sun Mar 05 14:17:32 PST 2017"
"2017-03-05 14:20:31 PST","I","lml0101@lml_com","Util","BackupMinuteService next run at - Sun Mar 05 14:20:31 PST 2017"
"2017-03-05 14:21:31 PST","I","lml0101@lml_com","Util","Inside setMinuteServiceAlarmFromMinuteService"
"2017-03-05 14:21:31 PST","I","lml0101@lml_com","Util","MinuteService last run at - Sun Mar 05 14:21:31 PST 2017"
"2017-03-05 14:21:31 PST","I","lml0101@lml_com","Util","MinuteService next run at - Sun Mar 05 14:22:31 PST 2017"
"2017-03-05 14:21:31 PST","I","lml0101@lml_com","Util","Inside setBackupMinuteServiceAlarm"
"2017-03-05 14:21:31 PST","I","lml0101@lml_com","Util","BackupMinuteService last run at - Sun Mar 05 14:17:32 PST 2017"
"2017-03-05 14:21:31 PST","I","lml0101@lml_com","Util","BackupMinuteService next run at - Sun Mar 05 14:21:31 PST 2017"
"2017-03-05 14:22:31 PST","I","lml0101@lml_com","Util","Inside setMinuteServiceAlarmFromMinuteService"
"2017-03-05 14:22:31 PST","I","lml0101@lml_com","Util","MinuteService last run at - Sun Mar 05 14:22:31 PST 2017"
"2017-03-05 14:22:31 PST","I","lml0101@lml_com","Util","MinuteService next run at - Sun Mar 05 14:23:31 PST 2017"
"2017-03-05 14:22:31 PST","I","lml0101@lml_com","Util","Inside setBackupMinuteServiceAlarm"
"2017-03-05 14:22:31 PST","I","lml0101@lml_com","Util","BackupMinuteService last run at - Sun Mar 05 14:17:32 PST 2017"
"2017-03-05 14:22:31 PST","I","lml0101@lml_com","Util","BackupMinuteService next run at - Sun Mar 05 14:22:31 PST 2017"
"2017-03-05 14:23:31 PST","I","lml0101@lml_com","Util","Inside setMinuteServiceAlarmFromMinuteService"
"2017-03-05 14:23:31 PST","I","lml0101@lml_com","Util","MinuteService last run at - Sun Mar 05 14:23:31 PST 2017"
"2017-03-05 14:23:31 PST","I","lml0101@lml_com","Util","MinuteService next run at - Sun Mar 05 14:24:31 PST 2017"
"2017-03-05 14:23:31 PST","I","lml0101@lml_com","Util","Inside setBackupMinuteServiceAlarm"
"2017-03-05 14:23:31 PST","I","lml0101@lml_com","Util","BackupMinuteService last run at - Sun Mar 05 14:17:32 PST 2017"
"2017-03-05 14:23:31 PST","I","lml0101@lml_com","Util","BackupMinuteService next run at - Sun Mar 05 14:23:31 PST 2017"
"2017-03-05 14:24:31 PST","I","lml0101@lml_com","Util","Inside setMinuteServiceAlarmFromMinuteService"
"2017-03-05 14:24:31 PST","I","lml0101@lml_com","Util","MinuteService last run at - Sun Mar 05 14:24:31 PST 2017"
"2017-03-05 14:24:31 PST","I","lml0101@lml_com","Util","MinuteService next run at - Sun Mar 05 14:25:31 PST 2017"
"2017-03-05 14:24:31 PST","I","lml0101@lml_com","Util","Inside setBackupMinuteServiceAlarm"
"2017-03-05 14:24:31 PST","I","lml0101@lml_com","Util","BackupMinuteService last run at - Sun Mar 05 14:17:32 PST 2017"
"2017-03-05 14:24:31 PST","I","lml0101@lml_com","Util","BackupMinuteService next run at - Sun Mar 05 14:24:31 PST 2017"
"2017-03-05 14:25:31 PST","I","lml0101@lml_com","Util","Inside setMinuteServiceAlarmFromMinuteService"
"2017-03-05 14:25:31 PST","I","lml0101@lml_com","Util","MinuteService last run at - Sun Mar 05 14:25:31 PST 2017"
"2017-03-05 14:25:31 PST","I","lml0101@lml_com","Util","MinuteService next run at - Sun Mar 05 14:26:31 PST 2017"
"2017-03-05 14:25:31 PST","I","lml0101@lml_com","Util","Inside setBackupMinuteServiceAlarm"
"2017-03-05 14:25:31 PST","I","lml0101@lml_com","Util","BackupMinuteService last run at - Sun Mar 05 14:17:32 PST 2017"
"2017-03-05 14:25:31 PST","I","lml0101@lml_com","Util","BackupMinuteService next run at - Sun Mar 05 14:25:31 PST 2017"
"2017-03-05 14:26:31 PST","I","lml0101@lml_com","Util","Inside setMinuteServiceAlarmFromMinuteService"
"2017-03-05 14:26:31 PST","I","lml0101@lml_com","Util","MinuteService last run at - Sun Mar 05 14:26:31 PST 2017"
"2017-03-05 14:26:31 PST","I","lml0101@lml_com","Util","MinuteService next run at - Sun Mar 05 14:27:31 PST 2017"
"2017-03-05 14:26:31 PST","I","lml0101@lml_com","Util","Inside setBackupMinuteServiceAlarm"
"2017-03-05 14:26:31 PST","I","lml0101@lml_com","Util","BackupMinuteService last run at - Sun Mar 05 14:17:32 PST 2017"
"2017-03-05 14:26:31 PST","I","lml0101@lml_com","Util","BackupMinuteService next run at - Sun Mar 05 14:26:31 PST 2017"
"2017-03-05 14:27:31 PST","I","lml0101@lml_com","Util","Inside setMinuteServiceAlarmFromMinuteService"
"2017-03-05 14:27:31 PST","I","lml0101@lml_com","Util","MinuteService last run at - Sun Mar 05 14:27:31 PST 2017"
"2017-03-05 14:27:31 PST","I","lml0101@lml_com","Util","MinuteService next run at - Sun Mar 05 14:28:31 PST 2017"
"2017-03-05 14:27:31 PST","I","lml0101@lml_com","Util","Inside setBackupMinuteServiceAlarm"
"2017-03-05 14:27:31 PST","I","lml0101@lml_com","Util","BackupMinuteService last run at - Sun Mar 05 14:17:32 PST 2017"
"2017-03-05 14:27:31 PST","I","lml0101@lml_com","Util","BackupMinuteService next run at - Sun Mar 05 14:27:31 PST 2017"
"2017-03-05 14:27:32 PST","I","lml0101@lml_com","Util","Inside setBackupMinuteServiceAlarm"
"2017-03-05 14:27:32 PST","I","lml0101@lml_com","Util","BackupMinuteService last run at - Sun Mar 05 14:27:32 PST 2017"
"2017-03-05 14:27:32 PST","I","lml0101@lml_com","Util","BackupMinuteService next run at - Sun Mar 05 14:28:32 PST 2017"
"2017-03-05 14:28:31 PST","I","lml0101@lml_com","Util","Inside setMinuteServiceAlarmFromMinuteService"
"2017-03-05 14:28:31 PST","I","lml0101@lml_com","Util","MinuteService last run at - Sun Mar 05 14:28:31 PST 2017"
"2017-03-05 14:28:31 PST","I","lml0101@lml_com","Util","MinuteService next run at - Sun Mar 05 14:29:31 PST 2017"
"2017-03-05 14:28:31 PST","I","lml0101@lml_com","Util","Inside setBackupMinuteServiceAlarm"
"2017-03-05 14:28:31 PST","I","lml0101@lml_com","Util","BackupMinuteService last run at - Sun Mar 05 14:27:32 PST 2017"
"2017-03-05 14:28:31 PST","I","lml0101@lml_com","Util","BackupMinuteService next run at - Sun Mar 05 14:28:32 PST 2017"
"2017-03-05 14:29:31 PST","I","lml0101@lml_com","Util","Inside setMinuteServiceAlarmFromMinuteService"
"2017-03-05 14:29:31 PST","I","lml0101@lml_com","Util","MinuteService last run at - Sun Mar 05 14:29:31 PST 2017"
"2017-03-05 14:29:31 PST","I","lml0101@lml_com","Util","MinuteService next run at - Sun Mar 05 14:30:31 PST 2017"
"2017-03-05 14:29:31 PST","I","lml0101@lml_com","Util","Inside setBackupMinuteServiceAlarm"
"2017-03-05 14:29:31 PST","I","lml0101@lml_com","Util","BackupMinuteService last run at - Sun Mar 05 14:27:32 PST 2017"
"2017-03-05 14:29:31 PST","I","lml0101@lml_com","Util","BackupMinuteService next run at - Sun Mar 05 14:29:31 PST 2017"
"2017-03-05 14:30:31 PST","I","lml0101@lml_com","Util","Inside setMinuteServiceAlarmFromMinuteService"
"2017-03-05 14:30:31 PST","I","lml0101@lml_com","Util","MinuteService last run at - Sun Mar 05 14:30:31 PST 2017"
"2017-03-05 14:30:31 PST","I","lml0101@lml_com","Util","MinuteService next run at - Sun Mar 05 14:31:31 PST 2017"
"2017-03-05 14:30:31 PST","I","lml0101@lml_com","Util","Inside setBackupMinuteServiceAlarm"
"2017-03-05 14:30:31 PST","I","lml0101@lml_com","Util","BackupMinuteService last run at - Sun Mar 05 14:27:32 PST 2017"
"2017-03-05 14:30:31 PST","I","lml0101@lml_com","Util","BackupMinuteService next run at - Sun Mar 05 14:30:31 PST 2017"
"2017-03-05 14:31:31 PST","I","lml0101@lml_com","Util","Inside setMinuteServiceAlarmFromMinuteService"
"2017-03-05 14:31:31 PST","I","lml0101@lml_com","Util","MinuteService last run at - Sun Mar 05 14:31:31 PST 2017"
"2017-03-05 14:31:31 PST","I","lml0101@lml_com","Util","MinuteService next run at - Sun Mar 05 14:32:31 PST 2017"
"2017-03-05 14:31:31 PST","I","lml0101@lml_com","Util","Inside setBackupMinuteServiceAlarm"
"2017-03-05 14:31:31 PST","I","lml0101@lml_com","Util","BackupMinuteService last run at - Sun Mar 05 14:27:32 PST 2017"
"2017-03-05 14:31:31 PST","I","lml0101@lml_com","Util","BackupMinuteService next run at - Sun Mar 05 14:31:31 PST 2017"
"2017-03-05 14:32:31 PST","I","lml0101@lml_com","Util","Inside setMinuteServiceAlarmFromMinuteService"
"2017-03-05 14:32:31 PST","I","lml0101@lml_com","Util","MinuteService last run at - Sun Mar 05 14:32:31 PST 2017"
"2017-03-05 14:32:31 PST","I","lml0101@lml_com","Util","MinuteService next run at - Sun Mar 05 14:33:31 PST 2017"
"2017-03-05 14:32:31 PST","I","lml0101@lml_com","Util","Inside setBackupMinuteServiceAlarm"
"2017-03-05 14:32:31 PST","I","lml0101@lml_com","Util","BackupMinuteService last run at - Sun Mar 05 14:27:32 PST 2017"
"2017-03-05 14:32:31 PST","I","lml0101@lml_com","Util","BackupMinuteService next run at - Sun Mar 05 14:32:31 PST 2017"
"2017-03-05 14:33:31 PST","I","lml0101@lml_com","Util","Inside setMinuteServiceAlarmFromMinuteService"
"2017-03-05 14:33:31 PST","I","lml0101@lml_com","Util","MinuteService last run at - Sun Mar 05 14:33:31 PST 2017"
"2017-03-05 14:33:31 PST","I","lml0101@lml_com","Util","MinuteService next run at - Sun Mar 05 14:34:31 PST 2017"
"2017-03-05 14:33:31 PST","I","lml0101@lml_com","Util","Inside setBackupMinuteServiceAlarm"
"2017-03-05 14:33:31 PST","I","lml0101@lml_com","Util","BackupMinuteService last run at - Sun Mar 05 14:27:32 PST 2017"
"2017-03-05 14:33:31 PST","I","lml0101@lml_com","Util","BackupMinuteService next run at - Sun Mar 05 14:33:31 PST 2017"
"2017-03-05 14:34:31 PST","I","lml0101@lml_com","Util","Inside setMinuteServiceAlarmFromMinuteService"
"2017-03-05 14:34:31 PST","I","lml0101@lml_com","Util","MinuteService last run at - Sun Mar 05 14:34:31 PST 2017"
"2017-03-05 14:34:31 PST","I","lml0101@lml_com","Util","MinuteService next run at - Sun Mar 05 14:35:31 PST 2017"
"2017-03-05 14:34:31 PST","I","lml0101@lml_com","Util","Inside setBackupMinuteServiceAlarm"
"2017-03-05 14:34:31 PST","I","lml0101@lml_com","Util","BackupMinuteService last run at - Sun Mar 05 14:27:32 PST 2017"
"2017-03-05 14:34:31 PST","I","lml0101@lml_com","Util","BackupMinuteService next run at - Sun Mar 05 14:34:31 PST 2017"
"2017-03-05 14:35:31 PST","I","lml0101@lml_com","Util","Inside setMinuteServiceAlarmFromMinuteService"
"2017-03-05 14:35:31 PST","I","lml0101@lml_com","Util","MinuteService last run at - Sun Mar 05 14:35:31 PST 2017"
"2017-03-05 14:35:31 PST","I","lml0101@lml_com","Util","MinuteService next run at - Sun Mar 05 14:36:31 PST 2017"
"2017-03-05 14:35:31 PST","I","lml0101@lml_com","Util","Inside setBackupMinuteServiceAlarm"
"2017-03-05 14:35:31 PST","I","lml0101@lml_com","Util","BackupMinuteService last run at - Sun Mar 05 14:27:32 PST 2017"
"2017-03-05 14:35:31 PST","I","lml0101@lml_com","Util","BackupMinuteService next run at - Sun Mar 05 14:35:31 PST 2017"
"2017-03-05 14:36:31 PST","I","lml0101@lml_com","Util","Inside setMinuteServiceAlarmFromMinuteService"
"2017-03-05 14:36:31 PST","I","lml0101@lml_com","Util","MinuteService last run at - Sun Mar 05 14:36:31 PST 2017"
"2017-03-05 14:36:31 PST","I","lml0101@lml_com","Util","MinuteService next run at - Sun Mar 05 14:37:31 PST 2017"
"2017-03-05 14:36:31 PST","I","lml0101@lml_com","Util","Inside setBackupMinuteServiceAlarm"
"2017-03-05 14:36:31 PST","I","lml0101@lml_com","Util","BackupMinuteService last run at - Sun Mar 05 14:27:32 PST 2017"
"2017-03-05 14:36:31 PST","I","lml0101@lml_com","Util","BackupMinuteService next run at - Sun Mar 05 14:36:31 PST 2017"
"2017-03-05 14:37:31 PST","I","lml0101@lml_com","Util","Inside setMinuteServiceAlarmFromMinuteService"
"2017-03-05 14:37:31 PST","I","lml0101@lml_com","Util","MinuteService last run at - Sun Mar 05 14:37:31 PST 2017"
"2017-03-05 14:37:31 PST","I","lml0101@lml_com","Util","MinuteService next run at - Sun Mar 05 14:38:31 PST 2017"
"2017-03-05 14:37:31 PST","I","lml0101@lml_com","Util","Inside setBackupMinuteServiceAlarm"
"2017-03-05 14:37:31 PST","I","lml0101@lml_com","Util","BackupMinuteService last run at - Sun Mar 05 14:27:32 PST 2017"
"2017-03-05 14:37:31 PST","I","lml0101@lml_com","Util","BackupMinuteService next run at - Sun Mar 05 14:37:31 PST 2017"
"2017-03-05 14:37:33 PST","I","lml0101@lml_com","Util","Inside setBackupMinuteServiceAlarm"
"2017-03-05 14:37:33 PST","I","lml0101@lml_com","Util","BackupMinuteService last run at - Sun Mar 05 14:37:33 PST 2017"
"2017-03-05 14:37:33 PST","I","lml0101@lml_com","Util","BackupMinuteService next run at - Sun Mar 05 14:38:33 PST 2017"
"2017-03-05 14:38:31 PST","I","lml0101@lml_com","Util","Inside setMinuteServiceAlarmFromMinuteService"
"2017-03-05 14:38:31 PST","I","lml0101@lml_com","Util","MinuteService last run at - Sun Mar 05 14:38:31 PST 2017"
"2017-03-05 14:38:31 PST","I","lml0101@lml_com","Util","MinuteService next run at - Sun Mar 05 14:39:31 PST 2017"
"2017-03-05 14:38:31 PST","I","lml0101@lml_com","Util","Inside setBackupMinuteServiceAlarm"
"2017-03-05 14:38:31 PST","I","lml0101@lml_com","Util","BackupMinuteService last run at - Sun Mar 05 14:37:33 PST 2017"
"2017-03-05 14:38:31 PST","I","lml0101@lml_com","Util","BackupMinuteService next run at - Sun Mar 05 14:38:33 PST 2017"
"2017-03-05 14:39:32 PST","I","lml0101@lml_com","Util","Inside setMinuteServiceAlarmFromMinuteService"
"2017-03-05 14:39:32 PST","I","lml0101@lml_com","Util","MinuteService last run at - Sun Mar 05 14:39:31 PST 2017"
"2017-03-05 14:39:32 PST","I","lml0101@lml_com","Util","MinuteService next run at - Sun Mar 05 14:40:31 PST 2017"
"2017-03-05 14:39:32 PST","I","lml0101@lml_com","Util","Inside setBackupMinuteServiceAlarm"
"2017-03-05 14:39:32 PST","I","lml0101@lml_com","Util","BackupMinuteService last run at - Sun Mar 05 14:37:33 PST 2017"
"2017-03-05 14:39:32 PST","I","lml0101@lml_com","Util","BackupMinuteService next run at - Sun Mar 05 14:39:32 PST 2017"
"2017-03-05 14:40:32 PST","I","lml0101@lml_com","Util","Inside setMinuteServiceAlarmFromMinuteService"
"2017-03-05 14:40:32 PST","I","lml0101@lml_com","Util","MinuteService last run at - Sun Mar 05 14:40:31 PST 2017"
"2017-03-05 14:40:32 PST","I","lml0101@lml_com","Util","MinuteService next run at - Sun Mar 05 14:41:31 PST 2017"
"2017-03-05 14:40:32 PST","I","lml0101@lml_com","Util","Inside setBackupMinuteServiceAlarm"
"2017-03-05 14:40:32 PST","I","lml0101@lml_com","Util","BackupMinuteService last run at - Sun Mar 05 14:37:33 PST 2017"
"2017-03-05 14:40:32 PST","I","lml0101@lml_com","Util","BackupMinuteService next run at - Sun Mar 05 14:40:32 PST 2017"
"2017-03-05 14:41:32 PST","I","lml0101@lml_com","Util","Inside setMinuteServiceAlarmFromMinuteService"
"2017-03-05 14:41:32 PST","I","lml0101@lml_com","Util","MinuteService last run at - Sun Mar 05 14:41:32 PST 2017"
"2017-03-05 14:41:32 PST","I","lml0101@lml_com","Util","MinuteService next run at - Sun Mar 05 14:42:32 PST 2017"
"2017-03-05 14:41:32 PST","I","lml0101@lml_com","Util","Inside setBackupMinuteServiceAlarm"
"2017-03-05 14:41:32 PST","I","lml0101@lml_com","Util","BackupMinuteService last run at - Sun Mar 05 14:37:33 PST 2017"
"2017-03-05 14:41:32 PST","I","lml0101@lml_com","Util","BackupMinuteService next run at - Sun Mar 05 14:41:32 PST 2017"
"2017-03-05 14:42:32 PST","I","lml0101@lml_com","Util","Inside setMinuteServiceAlarmFromMinuteService"
"2017-03-05 14:42:32 PST","I","lml0101@lml_com","Util","MinuteService last run at - Sun Mar 05 14:42:32 PST 2017"
"2017-03-05 14:42:32 PST","I","lml0101@lml_com","Util","MinuteService next run at - Sun Mar 05 14:43:32 PST 2017"
"2017-03-05 14:42:32 PST","I","lml0101@lml_com","Util","Inside setBackupMinuteServiceAlarm"
"2017-03-05 14:42:32 PST","I","lml0101@lml_com","Util","BackupMinuteService last run at - Sun Mar 05 14:37:33 PST 2017"
"2017-03-05 14:42:32 PST","I","lml0101@lml_com","Util","BackupMinuteService next run at - Sun Mar 05 14:42:32 PST 2017"
"2017-03-05 14:43:32 PST","I","lml0101@lml_com","Util","Inside setMinuteServiceAlarmFromMinuteService"
"2017-03-05 14:43:32 PST","I","lml0101@lml_com","Util","MinuteService last run at - Sun Mar 05 14:43:32 PST 2017"
"2017-03-05 14:43:32 PST","I","lml0101@lml_com","Util","MinuteService next run at - Sun Mar 05 14:44:32 PST 2017"
"2017-03-05 14:43:32 PST","I","lml0101@lml_com","Util","Inside setBackupMinuteServiceAlarm"
"2017-03-05 14:43:32 PST","I","lml0101@lml_com","Util","BackupMinuteService last run at - Sun Mar 05 14:37:33 PST 2017"
"2017-03-05 14:43:32 PST","I","lml0101@lml_com","Util","BackupMinuteService next run at - Sun Mar 05 14:43:32 PST 2017"
"2017-03-05 14:44:32 PST","I","lml0101@lml_com","Util","Inside setMinuteServiceAlarmFromMinuteService"
"2017-03-05 14:44:32 PST","I","lml0101@lml_com","Util","MinuteService last run at - Sun Mar 05 14:44:32 PST 2017"
"2017-03-05 14:44:32 PST","I","lml0101@lml_com","Util","MinuteService next run at - Sun Mar 05 14:45:32 PST 2017"
"2017-03-05 14:44:32 PST","I","lml0101@lml_com","Util","Inside setBackupMinuteServiceAlarm"
"2017-03-05 14:44:32 PST","I","lml0101@lml_com","Util","BackupMinuteService last run at - Sun Mar 05 14:37:33 PST 2017"
"2017-03-05 14:44:32 PST","I","lml0101@lml_com","Util","BackupMinuteService next run at - Sun Mar 05 14:44:32 PST 2017"
"2017-03-05 14:45:32 PST","I","lml0101@lml_com","Util","Inside setMinuteServiceAlarmFromMinuteService"
"2017-03-05 14:45:32 PST","I","lml0101@lml_com","Util","MinuteService last run at - Sun Mar 05 14:45:32 PST 2017"
"2017-03-05 14:45:32 PST","I","lml0101@lml_com","Util","MinuteService next run at - Sun Mar 05 14:46:32 PST 2017"
"2017-03-05 14:45:32 PST","I","lml0101@lml_com","Util","Inside setBackupMinuteServiceAlarm"
"2017-03-05 14:45:32 PST","I","lml0101@lml_com","Util","BackupMinuteService last run at - Sun Mar 05 14:37:33 PST 2017"
"2017-03-05 14:45:32 PST","I","lml0101@lml_com","Util","BackupMinuteService next run at - Sun Mar 05 14:45:32 PST 2017"
"2017-03-05 14:46:32 PST","I","lml0101@lml_com","Util","Inside setMinuteServiceAlarmFromMinuteService"
"2017-03-05 14:46:32 PST","I","lml0101@lml_com","Util","MinuteService last run at - Sun Mar 05 14:46:32 PST 2017"
"2017-03-05 14:46:32 PST","I","lml0101@lml_com","Util","MinuteService next run at - Sun Mar 05 14:47:32 PST 2017"
"2017-03-05 14:46:32 PST","I","lml0101@lml_com","Util","Inside setBackupMinuteServiceAlarm"
"2017-03-05 14:46:32 PST","I","lml0101@lml_com","Util","BackupMinuteService last run at - Sun Mar 05 14:37:33 PST 2017"
"2017-03-05 14:46:32 PST","I","lml0101@lml_com","Util","BackupMinuteService next run at - Sun Mar 05 14:46:32 PST 2017"
"2017-03-05 14:47:32 PST","I","lml0101@lml_com","Util","Inside setMinuteServiceAlarmFromMinuteService"
"2017-03-05 14:47:32 PST","I","lml0101@lml_com","Util","MinuteService last run at - Sun Mar 05 14:47:32 PST 2017"
"2017-03-05 14:47:32 PST","I","lml0101@lml_com","Util","MinuteService next run at - Sun Mar 05 14:48:32 PST 2017"
"2017-03-05 14:47:32 PST","I","lml0101@lml_com","Util","Inside setBackupMinuteServiceAlarm"
"2017-03-05 14:47:32 PST","I","lml0101@lml_com","Util","BackupMinuteService last run at - Sun Mar 05 14:37:33 PST 2017"
"2017-03-05 14:47:32 PST","I","lml0101@lml_com","Util","BackupMinuteService next run at - Sun Mar 05 14:47:32 PST 2017"
"2017-03-05 14:47:33 PST","I","lml0101@lml_com","Util","Inside setBackupMinuteServiceAlarm"
"2017-03-05 14:47:33 PST","I","lml0101@lml_com","Util","BackupMinuteService last run at - Sun Mar 05 14:47:33 PST 2017"
"2017-03-05 14:47:33 PST","I","lml0101@lml_com","Util","BackupMinuteService next run at - Sun Mar 05 14:48:33 PST 2017"
"2017-03-05 14:48:32 PST","I","lml0101@lml_com","Util","Inside setMinuteServiceAlarmFromMinuteService"
"2017-03-05 14:48:32 PST","I","lml0101@lml_com","Util","MinuteService last run at - Sun Mar 05 14:48:32 PST 2017"
"2017-03-05 14:48:32 PST","I","lml0101@lml_com","Util","MinuteService next run at - Sun Mar 05 14:49:32 PST 2017"
"2017-03-05 14:48:32 PST","I","lml0101@lml_com","Util","Inside setBackupMinuteServiceAlarm"
"2017-03-05 14:48:32 PST","I","lml0101@lml_com","Util","BackupMinuteService last run at - Sun Mar 05 14:47:33 PST 2017"
"2017-03-05 14:48:32 PST","I","lml0101@lml_com","Util","BackupMinuteService next run at - Sun Mar 05 14:48:33 PST 2017"
"2017-03-05 14:49:32 PST","I","lml0101@lml_com","Util","Inside setMinuteServiceAlarmFromMinuteService"
"2017-03-05 14:49:32 PST","I","lml0101@lml_com","Util","MinuteService last run at - Sun Mar 05 14:49:32 PST 2017"
"2017-03-05 14:49:32 PST","I","lml0101@lml_com","Util","MinuteService next run at - Sun Mar 05 14:50:32 PST 2017"
"2017-03-05 14:49:32 PST","I","lml0101@lml_com","Util","Inside setBackupMinuteServiceAlarm"
"2017-03-05 14:49:32 PST","I","lml0101@lml_com","Util","BackupMinuteService last run at - Sun Mar 05 14:47:33 PST 2017"
"2017-03-05 14:49:32 PST","I","lml0101@lml_com","Util","BackupMinuteService next run at - Sun Mar 05 14:49:32 PST 2017"
"2017-03-05 14:50:32 PST","I","lml0101@lml_com","Util","Inside setMinuteServiceAlarmFromMinuteService"
"2017-03-05 14:50:32 PST","I","lml0101@lml_com","Util","MinuteService last run at - Sun Mar 05 14:50:32 PST 2017"
"2017-03-05 14:50:32 PST","I","lml0101@lml_com","Util","MinuteService next run at - Sun Mar 05 14:51:32 PST 2017"
"2017-03-05 14:50:32 PST","I","lml0101@lml_com","Util","Inside setBackupMinuteServiceAlarm"
"2017-03-05 14:50:32 PST","I","lml0101@lml_com","Util","BackupMinuteService last run at - Sun Mar 05 14:47:33 PST 2017"
"2017-03-05 14:50:32 PST","I","lml0101@lml_com","Util","BackupMinuteService next run at - Sun Mar 05 14:50:32 PST 2017"
"2017-03-05 14:51:32 PST","I","lml0101@lml_com","Util","Inside setMinuteServiceAlarmFromMinuteService"
"2017-03-05 14:51:32 PST","I","lml0101@lml_com","Util","MinuteService last run at - Sun Mar 05 14:51:32 PST 2017"
"2017-03-05 14:51:32 PST","I","lml0101@lml_com","Util","MinuteService next run at - Sun Mar 05 14:52:32 PST 2017"
"2017-03-05 14:51:32 PST","I","lml0101@lml_com","Util","Inside setBackupMinuteServiceAlarm"
"2017-03-05 14:51:32 PST","I","lml0101@lml_com","Util","BackupMinuteService last run at - Sun Mar 05 14:47:33 PST 2017"
"2017-03-05 14:51:32 PST","I","lml0101@lml_com","Util","BackupMinuteService next run at - Sun Mar 05 14:51:32 PST 2017"
"2017-03-05 14:52:32 PST","I","lml0101@lml_com","Util","Inside setMinuteServiceAlarmFromMinuteService"
"2017-03-05 14:52:32 PST","I","lml0101@lml_com","Util","MinuteService last run at - Sun Mar 05 14:52:32 PST 2017"
"2017-03-05 14:52:32 PST","I","lml0101@lml_com","Util","MinuteService next run at - Sun Mar 05 14:53:32 PST 2017"
"2017-03-05 14:52:32 PST","I","lml0101@lml_com","Util","Inside setBackupMinuteServiceAlarm"
"2017-03-05 14:52:32 PST","I","lml0101@lml_com","Util","BackupMinuteService last run at - Sun Mar 05 14:47:33 PST 2017"
"2017-03-05 14:52:32 PST","I","lml0101@lml_com","Util","BackupMinuteService next run at - Sun Mar 05 14:52:32 PST 2017"
"2017-03-05 14:53:32 PST","I","lml0101@lml_com","Util","Inside setMinuteServiceAlarmFromMinuteService"
"2017-03-05 14:53:32 PST","I","lml0101@lml_com","Util","MinuteService last run at - Sun Mar 05 14:53:32 PST 2017"
"2017-03-05 14:53:32 PST","I","lml0101@lml_com","Util","MinuteService next run at - Sun Mar 05 14:54:32 PST 2017"
"2017-03-05 14:53:32 PST","I","lml0101@lml_com","Util","Inside setBackupMinuteServiceAlarm"
"2017-03-05 14:53:32 PST","I","lml0101@lml_com","Util","BackupMinuteService last run at - Sun Mar 05 14:47:33 PST 2017"
"2017-03-05 14:53:32 PST","I","lml0101@lml_com","Util","BackupMinuteService next run at - Sun Mar 05 14:53:32 PST 2017"
"2017-03-05 14:54:32 PST","I","lml0101@lml_com","Util","Inside setMinuteServiceAlarmFromMinuteService"
"2017-03-05 14:54:32 PST","I","lml0101@lml_com","Util","MinuteService last run at - Sun Mar 05 14:54:32 PST 2017"
"2017-03-05 14:54:32 PST","I","lml0101@lml_com","Util","MinuteService next run at - Sun Mar 05 14:55:32 PST 2017"
"2017-03-05 14:54:32 PST","I","lml0101@lml_com","Util","Inside setBackupMinuteServiceAlarm"
"2017-03-05 14:54:32 PST","I","lml0101@lml_com","Util","BackupMinuteService last run at - Sun Mar 05 14:47:33 PST 2017"
"2017-03-05 14:54:32 PST","I","lml0101@lml_com","Util","BackupMinuteService next run at - Sun Mar 05 14:54:32 PST 2017"
"2017-03-05 14:55:32 PST","I","lml0101@lml_com","Util","Inside setMinuteServiceAlarmFromMinuteService"
"2017-03-05 14:55:32 PST","I","lml0101@lml_com","Util","MinuteService last run at - Sun Mar 05 14:55:32 PST 2017"
"2017-03-05 14:55:32 PST","I","lml0101@lml_com","Util","MinuteService next run at - Sun Mar 05 14:56:32 PST 2017"
"2017-03-05 14:55:32 PST","I","lml0101@lml_com","Util","Inside setBackupMinuteServiceAlarm"
"2017-03-05 14:55:32 PST","I","lml0101@lml_com","Util","BackupMinuteService last run at - Sun Mar 05 14:47:33 PST 2017"
"2017-03-05 14:55:32 PST","I","lml0101@lml_com","Util","BackupMinuteService next run at - Sun Mar 05 14:55:32 PST 2017"
"2017-03-05 14:56:32 PST","I","lml0101@lml_com","Util","Inside setMinuteServiceAlarmFromMinuteService"
"2017-03-05 14:56:32 PST","I","lml0101@lml_com","Util","MinuteService last run at - Sun Mar 05 14:56:32 PST 2017"
"2017-03-05 14:56:32 PST","I","lml0101@lml_com","Util","MinuteService next run at - Sun Mar 05 14:57:32 PST 2017"
"2017-03-05 14:56:32 PST","I","lml0101@lml_com","Util","Inside setBackupMinuteServiceAlarm"
"2017-03-05 14:56:32 PST","I","lml0101@lml_com","Util","BackupMinuteService last run at - Sun Mar 05 14:47:33 PST 2017"
"2017-03-05 14:56:32 PST","I","lml0101@lml_com","Util","BackupMinuteService next run at - Sun Mar 05 14:56:32 PST 2017"
"2017-03-05 14:57:32 PST","I","lml0101@lml_com","Util","Inside setMinuteServiceAlarmFromMinuteService"
"2017-03-05 14:57:32 PST","I","lml0101@lml_com","Util","MinuteService last run at - Sun Mar 05 14:57:32 PST 2017"
"2017-03-05 14:57:32 PST","I","lml0101@lml_com","Util","MinuteService next run at - Sun Mar 05 14:58:32 PST 2017"
"2017-03-05 14:57:32 PST","I","lml0101@lml_com","Util","Inside setBackupMinuteServiceAlarm"
"2017-03-05 14:57:32 PST","I","lml0101@lml_com","Util","BackupMinuteService last run at - Sun Mar 05 14:47:33 PST 2017"
"2017-03-05 14:57:32 PST","I","lml0101@lml_com","Util","BackupMinuteService next run at - Sun Mar 05 14:57:32 PST 2017"
"2017-03-05 14:57:33 PST","I","lml0101@lml_com","Util","Inside setBackupMinuteServiceAlarm"
"2017-03-05 14:57:33 PST","I","lml0101@lml_com","Util","BackupMinuteService last run at - Sun Mar 05 14:57:33 PST 2017"
"2017-03-05 14:57:33 PST","I","lml0101@lml_com","Util","BackupMinuteService next run at - Sun Mar 05 14:58:33 PST 2017"
"2017-03-05 14:58:32 PST","I","lml0101@lml_com","Util","Inside setMinuteServiceAlarmFromMinuteService"
"2017-03-05 14:58:32 PST","I","lml0101@lml_com","Util","MinuteService last run at - Sun Mar 05 14:58:32 PST 2017"
"2017-03-05 14:58:32 PST","I","lml0101@lml_com","Util","MinuteService next run at - Sun Mar 05 14:59:32 PST 2017"
"2017-03-05 14:58:32 PST","I","lml0101@lml_com","Util","Inside setBackupMinuteServiceAlarm"
"2017-03-05 14:58:32 PST","I","lml0101@lml_com","Util","BackupMinuteService last run at - Sun Mar 05 14:57:33 PST 2017"
"2017-03-05 14:58:32 PST","I","lml0101@lml_com","Util","BackupMinuteService next run at - Sun Mar 05 14:58:33 PST 2017"
"2017-03-05 14:59:32 PST","I","lml0101@lml_com","Util","Inside setMinuteServiceAlarmFromMinuteService"
"2017-03-05 14:59:32 PST","I","lml0101@lml_com","Util","MinuteService last run at - Sun Mar 05 14:59:32 PST 2017"
"2017-03-05 14:59:32 PST","I","lml0101@lml_com","Util","MinuteService next run at - Sun Mar 05 15:00:32 PST 2017"
"2017-03-05 14:59:32 PST","I","lml0101@lml_com","Util","Inside setBackupMinuteServiceAlarm"
"2017-03-05 14:59:32 PST","I","lml0101@lml_com","Util","BackupMinuteService last run at - Sun Mar 05 14:57:33 PST 2017"
"2017-03-05 14:59:32 PST","I","lml0101@lml_com","Util","BackupMinuteService next run at - Sun Mar 05 14:59:32 PST 2017"
